020101003801202512
020101012701202512
020101012709202512
020101013501202512
020101013509202512
020101014301202512
020101014307202512
020101014309202512
020101016001202512
020101016009202512
020101020801202512
020101020809202512
020101024001202512
020101024007202512
020101024009202512
020101025901202512
020101026701202512
020101026707202512
020101026709202512
020101027503202512
020101027507202512
020101027509202512
020101030501202512
020101030507202512
020101030509202512
020101031301202512
020101031307202512
020101031309202512
020101032101202512
020101032107202512
020101032109202512
020101033001202512
020101033007202512
020101033009202512
020101040201202512
020101040207202512
020101040209202512
020101053401202512
020101053409202512
020101055001202512
020101055009202512
020904003301202512
020904003307202512
020904003309202512
020904005001202512
020904005007202512
020904005009202512
021105009101202512
021105010503202512
021105010507202512
021105010509202512
021105014801202512
030106001003202512
030106001007202512
030106007001202512
030106007003202512
030106007007202512
030106007009202512
030106008803202512
030109001703202512
030109001709202512
030109001713202512
030109002503202512
030109002509202512
030109002513202512
030116002303202512
030116002307202512
030301001003202512
030301001007202512
030301002903202512
030301002907202512
030301003703202512
030301003707202512
030301004503202512
030301004507202512
030301005303202512
030301005307202512
030301006103202512
030301006107202512
030301007003202512
030301007007202512
030301008803202512
030301008807202512
030301009603202512
030301009607202512
030301010003202512
030301010007202512
030301011803202512
030301011807202512
030301012603202512
030301012607202512
030301013403202512
030301013407202512
030301014203202512
030301014207202512
030301015003202512
030301015007202512
030301016903202512
030301016907202512
030301017703202512
030301017707202512
030301018503202512
030301018507202512
030301019303202512
030301019307202512
030301020703202512
030301020707202512
030301021503202512
030301021506202512
030301021507202512
030302003203202512
030302003207202512
030302004003202512
030302004007202512
030302005903202512
030302005907202512
030302006703202512
030302006707202512
030302007503202512
030302007507202512
030302008303202512
030302008307202512
030303001107202512
030303001111202512
030303002003202512
030303002007202512
030303003803202512
030303003807202512
030303004603202512
030303004607202512
030303005403202512
030303005407202512
030303006203202512
030303006207202512
030304001703202512
030304001707202512
030304002503202512
030304002507202512
030304003303202512
030304003307202512
030304004103202512
030304004107202512
030304005003202512
030304005007202512
030304006803202512
030304006807202512
030304007603202512
030304007607202512
030304008401202512
030304008403202512
030304008407202512
030304009201202512
030304009203202512
030304009207202512
030304010603202512
030304010607202512
030304011401202512
030304011403202512
030304011407202512
030304012201202512
030304012203202512
030304012207202512
030304013003202512
030304013007202512
030304014903202512
030304014907202512
030304015703202512
030304015707202512
030304016503202512
030304016507202512
030304017303202512
030304017307202512
030304018103202512
030304019003202512
030304019007202512
030304020303202512
030304020307202512
030304021103202512
030304021107202512
030304022003202512
030304022007202512
030304023803202512
030304023807202512
030304024603202512
030304024607202512
030304025403202512
030304025407202512
030304026203202512
030304026207202512
030304027003202512
030304027007202512
030304028903202512
030304029703202512
030304029707202512
030304030003202512
030305013603202512
030305013607202512
030305014403202512
030305014407202512
030306001803202512
030306001807202512
030306002603202512
030306002607202512
030306003403202512
030306003407202512
030306004203202512
030306004207202512
030306005003202512
030306005007202512
030306006903202512
030306006907202512
030306007703202512
030306007707202512
030306008503202512
030306008507202512
030306009303202512
030306009307202512
030306010703202512
030306010707202512
030306011503202512
030306011507202512
030306012303202512
030306012307202512
030306013103202512
030306013107202512
030306014003202512
030306014007202512
030306015803202512
030306015807202512
030306016603202512
030306016607202512
030306017403202512
030306017407202512
030306018203202512
030306018207202512
030306019003202512
030306019007202512
030306020403202512
030306020407202512
030306021203202512
030306021207202512
030306022001202512
030306022003202512
030306022007202512
030306023903202512
030306023907202512
030306024703202512
030306024707202512
030306025503202512
030306025507202512
030306026303202512
030306026307202512
030306027103202512
030306027107202512
030306028003202512
030306028007202512
030306029803202512
030306029807202512
030306030103202512
030306030107202512
030307006403202512
030307006407202512
030307007203202512
030307007207202512
030307008003202512
030307008007202512
030307009903202512
030307009907202512
030307010203202512
030307010207202512
030307011003202512
030307011007202512
030307012903202512
030307012907202512
030307013701202512
030308004303202512
030308004307202512
030308005103202512
030308005107202512
030308006003202512
030308006007202512
030308007803202512
030308007807202512
030308008603202512
030308008607202512
030308009403202512
030308009407202512
030309013803202512
030309013807202512
030309013809202512
030309019703202512
030309019707202512
030309019709202512
030309023503202512
030309023507202512
030309023509202512
030309031603202512
030309031607202512
030310001002202512
030310001003202512
030310001007202512
030310002802202512
030310002803202512
030310002807202512
030310003602202512
030310003603202512
030310003607202512
030310004402202512
030310004403202512
030310004407202512
030310005202202512
030310005203202512
030310005207202512
030311001503202512
030311001507202512
030311002303202512
030311002307202512
030311003103202512
030311003107202512
030311004003202512
030311004007202512
030311005803202512
030311005807202512
030311006603202512
030311006607202512
030311007403202512
030311007407202512
030311008203202512
030311008207202512
030311009003202512
030311009007202512
030311010403202512
030311010407202512
030311011203202512
030311011207202512
030313001604202512
030313002404202512
030313003204202512
030313004004202512
030313005904202512
030313006704202512
030313007504202512
030313008304202512
030314002003202512
030314002007202512
030314003803202512
030314003807202512
030314004603202512
030314004607202512
030314005403202512
030314005407202512
030314006203202512
030314006207202512
030314007003202512
030314007007202512
030314008903202512
030314008907202512
030314009703202512
030314009707202512
030314010003202512
030314010007202512
030314011903202512
030314011907202512
030314012703202512
030314012707202512
030314013503202512
030314013507202512
030314014303202512
030314014307202512
030314015103202512
030314015107202512
030315001703202512
030315001707202512
030315002503202512
030315002507202512
030315003303202512
030315003307202512
030315004103202512
030315004107202512
030315005003202512
030315005007202512
030315006803202512
030315006807202512
030316001207202512
030316002007202512
030316003907202512
030316004707202512
030316005507202512
030316006307202512
030316007107202512
030317009305202512
030317009307202512
030317010707202512
030317010714202512
030317013102202512
030317013103202512
030317013105202512
030317013107202512
030317013187202512
030317014002202512
030317014003202512
030317014005202512
030317014007202512
030317014087202512
030317015802202512
030317015803202512
030317015805202512
030317015807202512
030317015887202512
030317016602202512
030317016603202512
030317016605202512
030317016607202512
030317016687202512
030317017402202512
030317017403202512
030317017405202512
030317017407202512
030317017487202512
030317018202202512
030317018203202512
030317018205202512
030317018207202512
030317018287202512
030317019005202512
030317019007202512
030317020405202512
030317020407202512
030318001303202512
030318001307202512
030318003003202512
030318003007202512
030318004803202512
030318004807202512
030318005603202512
030318005607202512
030318006403202512
030318006407202512
030318007207202512
030318007210202512
030319001903202512
030319001907202512
030319001908202512
030401011103202512
030401011107202512
030401035903202512
030401035907202512
030401049903202512
030401049907202512
030401059603202512
030401059607202512
030408002003202512
030408002007202512
030408003903202512
030408003907202512
030408003909202512
030408004703202512
030408006303202512
030409001803202512
030409001807202512
030409002603202512
030409002607202512
030409003403202512
030409003407202512
030409004203202512
030409004207202512
030410001303202512
030410001307202512
030410001309202512
030410002103202512
030410002107202512
030501017403202512
030501017407202512
030502001303202512
030502001307202512
030502002103202512
030502002107202512
030502003003202512
030502003007202512
030502004803202512
030502004807202512
030502005603202512
030502005607202512
030701005801202512
030701005803202512
030701005807202512
030701005809202512
030702003701202512
030702003703202512
030702003707202512
030702003709202512
030702004501202512
030702004503202512
030702004507202512
030702004509202512
030702005301202512
030702005303202512
030702005307202512
030702005309202512
030702006101202512
030702006103202512
030702006107202512
030702006109202512
030702008801202512
030702008803202512
030702008807202512
030702008809202512
030702009601202512
030702009603202512
030702009607202512
030702009609202512
030702010001202512
030702010003202512
030702010007202512
030702010009202512
030702011801202512
030702011803202512
030702011807202512
030702011809202512
030703003201202512
030703003203202512
030703003207202512
030703003209202512
030704001101202512
030704001103202512
030704001107202512
030704001109202512
030704006201202512
030704006203202512
030704006207202512
030704006209202512
030704008901202512
030704008903202512
030704008907202512
030704008909202512
030801001901202512
030801001903202512
030801001907202512
030801002703202512
030801002707202512
030801003501202512
030801003503202512
030801003507202512
030801004301202512
030801004303202512
030801004307202512
030802002203202512
030802002207202512
030802003003202512
030802003007202512
030803001003202512
030803001007202512
030803002803202512
030803002807202512
030803003601202512
030803003603202512
030803003607202512
030803003683202512
030804001501202512
030804001503202512
030804001507202512
030804002303202512
030804002307202512
030901003901202512
030901003903202512
030901003907202512
030908001007202512
031001003901202512
031001003902202512
031001003903202512
031001004701202512
031001004702202512
031001004703202512
031001005502202512
040102001001202512
040102001007202512
040102001009202512
040102002901202512
040102002907202512
040102002909202512
040102003701202512
040102003707202512
040102003709202512
040102004501202512
040102004507202512
040102004509202512
040102005301202512
040102005307202512
040102005309202512
040102006101202512
040102006107202512
040102006109202512
040102007001202512
040102007007202512
040102007009202512
040102008801202512
040102008807202512
040102008809202512
040102009601202512
040102009607202512
040102009609202512
040102010001202512
040102010007202512
040102010009202512
040102011801202512
040102011807202512
040102011809202512
040102012601202512
040102012607202512
040102012609202512
040102013401202512
040102013409202512
040102014201202512
040102014207202512
040102014209202512
040102015001202512
040102015007202512
040102015009202512
040102016901202512
040102016907202512
040102016909202512
040201001901202512
040201001907202512
040201002701202512
040201002707202512
040201003501202512
040201003507202512
040201003509202512
040201004301202512
040201004307202512
040201004309202512
040201005101202512
040201005107202512
040202001401202512
040202001407202512
040202002201202512
040202002207202512
040301001201202512
040301001207202512
040301002001202512
040301002007202512
040301003901202512
040301003907202512
040301004701202512
040301004707202512
040301005501202512
040301005507202512
040301006301202512
040301006307202512
040301007101202512
040301007107202512
040301008001202512
040301008007202512
040301008009202512
040301009801202512
040301009807202512
040301010101202512
040301010107202512
040301011001202512
040301011007202512
040301012801202512
040301012807202512
040301013601202512
040301013607202512
040301014401202512
040301014407202512
040301015201202512
040301015207202512
040301016001202512
040301016007202512
040301017901202512
040301017907202512
040301018701202512
040301018707202512
040301019501202512
040301019507202512
040301020901202512
040301020907202512
040301021701202512
040301021707202512
040301022501202512
040301022507202512
040301023301202512
040301023307202512
040301024101202512
040301024107202512
040301025001202512
040301025007202512
040301026801202512
040301026807202512
040301027601202512
040301027607202512
040301028401202512
040301028407202512
040301029201202512
040301029207202512
040301030601202512
040301030607202512
040301031401202512
040301031407202512
040301032201202512
040301032207202512
040301033001202512
040301033007202512
040301034901202512
040301034907202512
040301035701202512
040301035707202512
040301036501202512
040301036507202512
040301039001202512
040301039003202512
040301039007202512
040302001801202512
040302001807202512
040302002601202512
040302002607202512
040302003401202512
040302003407202512
040302004201202512
040302004207202512
040302005001202512
040302005007202512
040302006901202512
040302006907202512
040302007701202512
040302007707202512
040302007709202512
040302008501202512
040302008507202512
040302008509202512
040302009301202512
040302009307202512
040302009309202512
040302010701202512
040302010707202512
040302011501202512
040302011507202512
040302012301202512
040302012307202512
040302012309202512
040302013101202512
040302013107202512
040303001301202512
040303001307202512
040303002101202512
040303002107202512
040303003001202512
040303003007202512
040303004801202512
040303004807202512
040303005601202512
040303005607202512
040303006401202512
040303006407202512
040303008001202512
040303008007202512
040303009901202512
040303009907202512
040303010201202512
040303010207202512
040303011001202512
040303011007202512
040303012901202512
040303012907202512
040303013701202512
040303013707202512
040303014501202512
040303014507202512
040303015301202512
040303015307202512
040303016101202512
040303016107202512
040304001901202512
040304001907202512
040304002701202512
040304002707202512
040304005101202512
040304005107202512
040304006001202512
040304006007202512
040304007801202512
040304007807202512
040304008601202512
040304008607202512
040304009401202512
040304009407202512
040304010801202512
040304010807202512
040304011601202512
040304011607202512
040304012401202512
040304012407202512
040305003001202512
040305003003202512
040305003007202512
040305004901202512
040305004907202512
040305005701202512
040305006501202512
040305006507202512
040305007301202512
040305007307202512
040305009001202512
040305009007202512
040305009009202512
040305010301202512
040305010307202512
040305010309202512
040305011101202512
040305011107202512
040305012001202512
040305012007202512
040305013801202512
040305013807202512
040305014601202512
040305014607202512
040305015401202512
040305015407202512
040305016201202512
040306001001202512
040306001007202512
040306002801202512
040306002807202512
040306003601202512
040306003607202512
040306004401202512
040306004407202512
040306005201202512
040306005207202512
040306006001202512
040306006007202512
040306007901202512
040306007907202512
040306008701202512
040306008707202512
040306009501202512
040306009507202512
040307001501202512
040307004001202512
040307004007202512
040307005801202512
040307005807202512
040307008201202512
040307009001202512
040307010401202512
040307011201202512
040307012001202512
040307013901202512
040307013907202512
040307014701202512
040307014707202512
040307015501202512
040307015507202512
040307016301202512
040307016307202512
040307017101202512
040308001001202512
040308002901202512
040308003701202512
040308004501202512
040308005301202512
040308005307202512
040308006101202512
040308007001202512
040308007007202512
040308008801202512
040308008807202512
040308009601202512
040308009607202512
040308010001202512
040401001601202512
040401001605202512
040401001609202512
040401002401202512
040401002407202512
040401002409202512
040401003201202512
040401003207202512
040401003209202512
040401004001202512
040401004007202512
040401004009202512
040401005901202512
040401005907202512
040401005909202512
040401006701202512
040401006707202512
040401006709202512
040401008301202512
040401008307202512
040401008309202512
040401010501202512
040401010507202512
040401010509202512
040401011301202512
040401011307202512
040401011309202512
040401012101202512
040401012107202512
040401012109202512
040401013001202512
040401013007202512
040401013009202512
040401014801202512
040401014807202512
040401014809202512
040401016401202512
040401016407202512
040401016409202512
040401017201202512
040401017207202512
040401018001202512
040401018007202512
040401019901202512
040401019907202512
040401020201202512
040401020207202512
040401021001202512
040401021007202512
040401021009202512
040401022901202512
040401022907202512
040401022909202512
040401023701202512
040401023707202512
040401023709202512
040401028801202512
040401028807202512
040401028809202512
040401031801202512
040401031807202512
040401031809202512
040401032601202512
040401032607202512
040401032609202512
040401033401202512
040401033407202512
040401033409202512
040401035001202512
040401035007202512
040401035009202512
040401037701202512
040401037707202512
040401037709202512
040401038501202512
040401038507202512
040401038509202512
040401040701202512
040401040707202512
040401040709202512
040401041501202512
040401041507202512
040401041509202512
040401043101202512
040401043107202512
040401045801202512
040401045807202512
040401046601202512
040401046607202512
040401046609202512
040401047401202512
040401047407202512
040401047409202512
040401048201202512
040401048207202512
040401048209202512
040401049001202512
040401049007202512
040401049009202512
040401050401202512
040401050407202512
040401050409202512
040401051201202512
040401051207202512
040401051209202512
040401052001202512
040401052007202512
040401052009202512
040401053901202512
040401053907202512
040401053909202512
040401054701202512
040401054707202512
040401055501202512
040401055507202512
040401055509202512
040401056301202512
040401056309202512
040401057101202512
040401057107202512
040401058001202512
040401058007202512
040401059801202512
040401059807202512
040401060101202512
040401060107202512
040401061001202512
040401061007202512
040401062801202512
040401062807202512
040401063601202512
040401063607202512
040401064401202512
040401064407202512
040401065201202512
040401065207202512
040402001101202512
040402001107202512
040402001109202512
040402003801202512
040402003807202512
040402003809202512
040402004601202512
040402004607202512
040402004609202512
040402006201202512
040402006207202512
040402007001202512
040402007007202512
040402007009202512
040402008901202512
040402008907202512
040402008909202512
040402010001202512
040402010003202512
040402010007202512
040402010009202512
040402011901202512
040402011907202512
040402011909202512
040402013501202512
040402013507202512
040402014301202512
040402014307202512
040402014309202512
040402017801202512
040402017807202512
040402020801202512
040402020807202512
040402020809202512
040402022401202512
040402022407202512
040402023201202512
040402023207202512
040402023209202512
040402024001202512
040402024007202512
040402024009202512
040402027501202512
040402027507202512
040402029101202512
040402029107202512
040402031301202512
040402031307202512
040402031309202512
040402032101202512
040402032107202512
040402032109202512
040402034801202512
040402034807202512
040402034809202512
040402035601202512
040402035607202512
040402035609202512
040402038001202512
040402038007202512
040402039901202512
040402039907202512
040402039909202512
040402042901202512
040402042907202512
040402042909202512
040402045301202512
040402045307202512
040402045309202512
040402046101202512
040402046107202512
040402046109202512
040402047001202512
040402047007202512
040402047009202512
040402048801202512
040402048807202512
040402048809202512
040402049601202512
040402049607202512
040402050001202512
040402050007202512
040402051801202512
040402051807202512
040402051809202512
040402052601202512
040402052607202512
040402053401202512
040402053407202512
040402054201202512
040402054207202512
040402054209202512
040402055001202512
040402055007202512
040402056901202512
040402056907202512
040402056909202512
040402057701202512
040402057707202512
040402057709202512
040402058501202512
040402058507202512
040402059301202512
040402059307202512
040402060701202512
040402060707202512
040402064001202512
040402064007202512
040402064009202512
040402065801202512
040402065807202512
040402065809202512
040402066601202512
040402066607202512
040402066609202512
040402069001202512
040402069007202512
040402070401202512
040402070407202512
040402071201202512
040402071207202512
040402071209202512
040402072001202512
040402072007202512
040402073901202512
040402073907202512
040402077101202512
040402077107202512
040402077109202512
040402078001202512
040402078007202512
040402079801202512
040402079807202512
040402079809202512
040403001701202512
040403001707202512
040403001709202512
040403003301202512
040403003307202512
040403004101202512
040403004107202512
040403004109202512
040403005001202512
040403005007202512
040403005009202512
040403006801202512
040403006807202512
040403006809202512
040403007601202512
040403007607202512
040403007609202512
040403008401202512
040403008407202512
040403008409202512
040403010601202512
040403010607202512
040403010609202512
040403012201202512
040403012207202512
040403012209202512
040403013001202512
040403013007202512
040403013009202512
040403015701202512
040403015707202512
040403015709202512
040403016501202512
040403016507202512
040403016509202512
040403017301202512
040403017307202512
040403017309202512
040403019001202512
040403019007202512
040403019009202512
040403022001202512
040403022007202512
040403022009202512
040403024601202512
040403024607202512
040403024609202512
040403025401202512
040403025407202512
040403025409202512
040403026201202512
040403026207202512
040403026209202512
040403027001202512
040403027007202512
040403027009202512
040403028901202512
040403028907202512
040403029701202512
040403029707202512
040403030001202512
040403030007202512
040403031901202512
040403031907202512
040403031909202512
040403032701202512
040403032707202512
040501001001202512
040501001007202512
040501001009202512
040501002801202512
040501002807202512
040501002809202512
040501003601202512
040501003607202512
040501003609202512
040501007901202512
040501007907202512
040501007909202512
040501008701202512
040501008707202512
040501008709202512
040501011701202512
040501011707202512
040501011709202512
040501012501202512
040501012507202512
040501012509202512
040501013301202512
040501013307202512
040501013309202512
040501015001202512
040501015007202512
040501015009202512
040501017601202512
040501017607202512
040501017609202512
040502001501202512
040502001507202512
040502001509202512
040502002301202512
040502002307202512
040502002309202512
040503001001202512
040503001007202512
040503001009202512
040503002901202512
040503002907202512
040503002909202512
040503007001202512
040503007007202512
040503007009202512
040503009601202512
040503009607202512
040503009609202512
040503011801202512
040503011807202512
040503011809202512
040503013401202512
040503013407202512
040503013409202512
040503014201202512
040503014207202512
040503014209202512
040503016901202512
040503016907202512
040503016909202512
040503017701202512
040503017707202512
040503017709202512
040503018501202512
040503018507202512
040503019301202512
040503019307202512
040503020701202512
040503020707202512
040503020709202512
040504001601202512
040504001607202512
040504001609202512
040504002401202512
040504002407202512
040504002409202512
040504004001202512
040504004007202512
040504004009202512
040504005901202512
040504005907202512
040504005909202512
040504006701202512
040504006707202512
040504006709202512
040504007501202512
040504007507202512
040504007509202512
040504008301202512
040504008307202512
040504008309202512
040504009101202512
040504009107202512
040504009109202512
040504010501202512
040504010507202512
040504010509202512
040504014801202512
040504014807202512
040504014809202512
040504015601202512
040504015607202512
040504015609202512
040504016401202512
040504016407202512
040504016409202512
040504018001202512
040504018007202512
040504020201202512
040504020207202512
040504020209202512
040504021001202512
040504021007202512
040504021009202512
040505001101202512
040505001107202512
040505001109202512
040505004601202512
040505004607202512
040505004609202512
040505005401202512
040505005407202512
040505005409202512
040505009701202512
040505009707202512
040505009709202512
040505010001202512
040505010007202512
040505010009202512
040505011901202512
040505011907202512
040505011909202512
040505013501202512
040505013507202512
040505013509202512
040505014301202512
040505014307202512
040505014309202512
040505015101202512
040505015107202512
040505015109202512
040505018601202512
040505018607202512
040505018609202512
040505021601202512
040505021607202512
040505021609202512
040505022401202512
040505022407202512
040505022409202512
040505023201202512
040505023207202512
040505023209202512
040505031301202512
040505031307202512
040505031309202512
040505032101202512
040505032107202512
040505032109202512
040505035601202512
040505035607202512
040505035609202512
040505037201202512
040505037207202512
040505037209202512
040505038001202512
040505038007202512
040505038009202512
040505039901202512
040505039907202512
040505039909202512
040505040201202512
040505040209202512
040601001301202512
040601001307202512
040601002101202512
040601003001202512
040601004801202512
040601005601202512
040601006401202512
040601007201202512
040601007207202512
040601008001202512
040601009901202512
040601010201202512
040601010207202512
040601011001202512
040601011007202512
040601013701202512
040601013707202512
040601015301202512
040601015307202512
040601016101202512
040601017001202512
040601017007202512
040601018801202512
040601019601202512
040601019607202512
040601020001202512
040601020007202512
040601021801202512
040601021807202512
040601022601202512
040601022607202512
040601023401202512
040601024201202512
040601025001202512
040601025007202512
040601026901202512
040601026907202512
040601027701202512
040601027707202512
040601028501202512
040601028507202512
040601029301202512
040601030701202512
040601031501202512
040601032301202512
040601033101202512
040601033107202512
040601034001202512
040601035801202512
040601036601202512
040601036607202512
040601037401202512
040601037407202512
040601038201202512
040601039001202512
040601039007202512
040601040401202512
040601041201202512
040601041207202512
040601042001202512
040601042007202512
040601043901202512
040601044701202512
040601044707202512
040601045501202512
040601046301202512
040601046307202512
040601047101202512
040601047107202512
040601048001202512
040601049801202512
040601049807202512
040601050101202512
040601051001202512
040601051007202512
040601052801202512
040601052807202512
040601053601202512
040601054401202512
040601055201202512
040601056001202512
040601056007202512
040601056009202512
040601057901202512
040601058701202512
040601058709202512
040601059501202512
040601060901202512
040601061701202512
040601062501202512
040601063301202512
040601063309202512
040601064101202512
040601064107202512
040601064109202512
040601065001202512
040601065009202512
040601066801202512
040601066807202512
040601066809202512
040601067601202512
040601067607202512
040601067609202512
040601068401202512
040601068407202512
040601068409202512
040601069201202512
040601069207202512
040601070601202512
040601071401202512
040601071407202512
040601071409202512
040601073001202512
040601075701202512
040601075707202512
040601076501202512
040601076507202512
040601077301202512
040601077307202512
040601078101202512
040601078107202512
040601079001202512
040601079009202512
040601080301202512
040601080307202512
040601081101202512
040601082001202512
040601082007202512
040601083801202512
040601084601202512
040601085401202512
040601085409202512
040601086201202512
040601086209202512
040601087001202512
040601087009202512
040601088901202512
040601089701202512
040601090001202512
040601090007202512
040601091901202512
040601091907202512
040601091909202512
040601092701202512
040601093501202512
040601094301202512
040601095101202512
040601096001202512
040601096003202512
040601096007202512
040601097801202512
040601097803202512
040601097807202512
040601098601202512
040601099401202512
040601100101202512
040601100109202512
040601101001202512
040601101009202512
040601102801202512
040601102809202512
040601103601202512
040601103609202512
040601104401202512
040601104407202512
040601104409202512
040601105201202512
040601105209202512
040601107901202512
040601108701202512
040601108709202512
040601109501202512
040601109509202512
040601110901202512
040601110909202512
040601111701202512
040601111709202512
040601112501202512
040601112509202512
040601113301202512
040601113307202512
040601113309202512
040601114101202512
040601114109202512
040601115001202512
040601115007202512
040601115009202512
040601116801202512
040601116809202512
040601117601202512
040601117609202512
040601118401202512
040601118409202512
040601119201202512
040601119209202512
040601120601202512
040601121401202512
040601121407202512
040601122201202512
040601122207202512
040601123001202512
040601124901202512
040601125701202512
040601126501202512
040601126507202512
040601127301202512
040601127307202512
040601128101202512
040601128107202512
040601129001202512
040601129007202512
040601130301202512
040601130307202512
040601131101202512
040601131107202512
040601132001202512
040601132007202512
040601133801202512
040601133807202512
040601134601202512
040601134607202512
040601135401202512
040601135407202512
040601136201202512
040601136207202512
040601137001202512
040601137007202512
040601138901202512
040601138907202512
040601139701202512
040601139707202512
040601140001202512
040601140007202512
040601141901202512
040601141907202512
040601142701202512
040601142707202512
040601143501202512
040601143507202512
040601144301202512
040601144307202512
040601145101202512
040601145107202512
040601146001202512
040601146007202512
040601147801202512
040601147807202512
040601148601202512
040601148607202512
040601149401202512
040601149407202512
040601150801202512
040601150807202512
040601151601202512
040601151607202512
040602001901202512
040602001907202512
040602002701202512
040602002707202512
040602003501202512
040602003507202512
040602004301202512
040602004307202512
040602005101202512
040602005107202512
040602007801202512
040602007807202512
040602007809202512
040602010801202512
040602011601202512
040602011607202512
040602011609202512
040602012401202512
040602012407202512
040602015901202512
040602015907202512
040602015909202512
040602016701202512
040602016707202512
040602016709202512
040602019101202512
040602019107202512
040602021301202512
040602022101202512
040602023001202512
040602024801202512
040602024807202512
040602025601202512
040602025607202512
040602026401202512
040602026407202512
040602027201202512
040602027207202512
040602028001202512
040602028007202512
040602030201202512
040602030207202512
040602031001202512
040602031007202512
040602032901202512
040602032907202512
040602033701202512
040602033707202512
040602034501202512
040602034507202512
040602035301202512
040602035307202512
040602036101202512
040602036107202512
040602037001202512
040602037007202512
040602038801202512
040602038807202512
040602039601202512
040602039607202512
040602040001202512
040602040007202512
040602041801202512
040602041807202512
040602042601202512
040602042607202512
040602043401202512
040602043407202512
040602044201202512
040602044207202512
040602045001202512
040602046901202512
040602046907202512
040602047701202512
040602047707202512
040602048501202512
040602048507202512
040602049301202512
040602049307202512
040602050701202512
040602050707202512
040602051501202512
040602051507202512
040602052301202512
040602053101202512
040602053107202512
040602054001202512
040602054007202512
040602055801202512
040602055807202512
040602056601202512
040602056607202512
040602056609202512
040602057401202512
040602057407202512
040602057409202512
040602058201202512
040602058207202512
040602059001202512
040602059007202512
040602060401202512
040602060407202512
040602060409202512
040602062001202512
040602062003202512
040602062007202512
040602062009202512
040603001401202512
040603002201202512
040603003001202512
040603004901202512
040603005701202512
040603005707202512
040603006501202512
040603007301202512
040603008101202512
040603008107202512
040603009001202512
040603009007202512
040603010301202512
040603010307202512
040603011101202512
040603011107202512
040603012001202512
040603012007202512
040603013801202512
040603013807202512
040603014601202512
040603014607202512
040603015401202512
040603015407202512
040603016201202512
040604001001202512
040604001007202512
040604002801202512
040604002807202512
040604004401202512
040604004407202512
040604005201202512
040604005207202512
040604006001202512
040604006007202512
040604007901202512
040604007907202512
040604008701202512
040604009501202512
040604010901202512
040604010907202512
040604011701202512
040604011707202512
040604012501202512
040604012507202512
040604013301202512
040604014101202512
040604014107202512
040604015001202512
040604016801202512
040604017601202512
040604018401202512
040604019201202512
040604019207202512
040604020601202512
040604020607202512
040604020609202512
040604021401202512
040604021407202512
040604022201202512
040604022207202512
040604023001202512
040604023007202512
040604024901202512
040604024907202512
040604025701202512
040604025707202512
040604025709202512
040604026501202512
040604026507202512
040604027301202512
040604027307202512
040604027309202512
040604028101202512
040604029001202512
040604029007202512
040604029009202512
040604030301202512
040604030307202512
040604030309202512
040604031101202512
040604031107202512
040604031109202512
040604032001202512
040604032007202512
040604033801202512
040604033807202512
040605001501202512
040605001507202512
040605001509202512
040605002301202512
040605002307202512
040605002309202512
040605003101202512
040605003107202512
040605003109202512
040605004001202512
040605004007202512
040605004009202512
040605005801202512
040605005807202512
040605005809202512
040605006601202512
040605006607202512
040605006609202512
040605007401202512
040605007407202512
040605007409202512
040605008201202512
040605008207202512
040605008209202512
040605009001202512
040605009007202512
040605010401202512
040605010407202512
040605011201202512
040605012001202512
040605012007202512
040605012009202512
040605013901202512
040605013907202512
040605013909202512
040701001701202512
040701001707202512
040701003301202512
040701003307202512
040701004101202512
040701005001202512
040701005007202512
040701006801202512
040701006807202512
040701007601202512
040701008401202512
040701008407202512
040701009201202512
040701009207202512
040701010601202512
040701010607202512
040701011401202512
040701011407202512
040701012201202512
040701013001202512
040701014901202512
040701015701202512
040701015707202512
040701016501202512
040701016507202512
040701017301202512
040701018101202512
040701019001202512
040701019007202512
040701020301202512
040701020307202512
040701021101202512
040701021107202512
040701021109202512
040701022001202512
040701022007202512
040701022009202512
040701023801202512
040701023807202512
040701027001202512
040701027007202512
040701028901202512
040701029701202512
040701029707202512
040701030001202512
040701033501202512
040701033507202512
040701034301202512
040701034307202512
040701035101202512
040701035107202512
040701036001202512
040701037801202512
040701038601202512
040702001201202512
040702002001202512
040702003901202512
040702003907202512
040702004701202512
040702004707202512
040702006301202512
040702006307202512
040702007101202512
040702007107202512
040702008001202512
040702008007202512
040702009801202512
040702009807202512
040702010101202512
040702010107202512
040702011001202512
040702011007202512
040702011009202512
040702013601202512
040702013607202512
040702013609202512
040702014401202512
040702014407202512
040702014409202512
040702015201202512
040702015207202512
040702017901202512
040702017907202512
040702018701202512
040702018707202512
040702019501202512
040702019507202512
040702020901202512
040702020907202512
040702021701202512
040702021709202512
040702022501202512
040702022507202512
040702022509202512
040702023301202512
040702023307202512
040702024101202512
040702024107202512
040702025001202512
040702025007202512
040702026801202512
040702026807202512
040702026809202512
040702027601202512
040702027607202512
040702027609202512
040702028401202512
040702028407202512
040702028409202512
040702029201202512
040702029207202512
040702030601202512
040702030607202512
040702032201202512
040702032207202512
040702032209202512
040702033001202512
040702034901202512
040702035701202512
040702036501202512
040702036507202512
040702038101202512
040702038107202512
040702040301202512
040702040307202512
040702041101202512
040702041107202512
040702042001202512
040702042007202512
040702043801202512
040702043807202512
040702044601202512
040702044607202512
040702045401202512
040702045407202512
040702045409202512
040702046201202512
040702046207202512
040702047001202512
040702047007202512
040702047009202512
040703001801202512
040703001807202512
040703002601202512
040703002607202512
040703003401202512
040703003407202512
040703003409202512
040703004201202512
040703004207202512
040703005001202512
040703005007202512
040703006901202512
040703006907202512
040703007701202512
040703007707202512
040703007709202512
040703012301202512
040703012307202512
040703013101202512
040703013107202512
040703014001202512
040703014007202512
040703015801202512
040703015807202512
040703016601202512
040703016607202512
040703017401202512
040703017407202512
040703018201202512
040703018207202512
040703019001202512
040703019007202512
040703020401202512
040703021201202512
040703022001202512
040703024701202512
040703025501202512
040703025507202512
040704001301202512
040704001307202512
040704002101202512
040704002107202512
040704003001202512
040704003007202512
040704004801202512
040704004807202512
040704005601202512
040704005607202512
040704006401202512
040704006407202512
040704006409202512
040704007201202512
040704007207202512
040704007209202512
040704008001202512
040704008007202512
040704008009202512
040704009901202512
040704009907202512
040704009909202512
040704010201202512
040704010207202512
040704010209202512
040704011001202512
040704011007202512
040704011009202512
040704012901202512
040704012907202512
040704012909202512
040704013701202512
040704013707202512
040704013709202512
040704014501202512
040704014507202512
040704014509202512
040704015301202512
040704015307202512
040704015309202512
040704016101202512
040704016107202512
040704017001202512
040704017007202512
040704017009202512
040704018801202512
040704018807202512
040704020001202512
040704020007202512
040704022601202512
040704022607202512
040704022609202512
040704023401202512
040704023407202512
040704024201202512
040704024207202512
040704025001202512
040704025007202512
040704026901202512
040704026907202512
040801001001202512
040801001007202512
040801002901202512
040801002907202512
040801003701202512
040801003707202512
040801004501202512
040801005301202512
040801006101202512
040801007001202512
040801007007202512
040801008801202512
040801008807202512
040801009601202512
040801009607202512
040801009609202512
040801010001202512
040801010007202512
040801010009202512
040801011801202512
040801011807202512
040801011809202512
040801013401202512
040801013407202512
040801013409202512
040801014201202512
040801014207202512
040801014209202512
040801015001202512
040801015007202512
040801015009202512
040801016901202512
040801016907202512
040801017701202512
040801017707202512
040801018501202512
040801018507202512
040801018509202512
040801019301202512
040801019307202512
040801020701202512
040801020707202512
040801020709202512
040801021501202512
040801021509202512
040801022301202512
040801022307202512
040801022309202512
040801023101202512
040801023109202512
040802001601202512
040802001607202512
040802002401202512
040802002407202512
040802003201202512
040802003207202512
040802004001202512
040802005901202512
040802006701202512
040802007501202512
040802008301202512
040802009101202512
040802010501202512
040802010507202512
040802010509202512
040802011301202512
040802011307202512
040802012101202512
040802012107202512
040802012109202512
040802013001202512
040802013007202512
040802014801202512
040802014807202512
040802014809202512
040802015601202512
040802015607202512
040802016401202512
040802016407202512
040802016409202512
040802017201202512
040802017207202512
040802017209202512
040802018001202512
040802018007202512
040802018009202512
040802019901202512
040802019907202512
040802019909202512
040802020201202512
040802020207202512
040802020209202512
040802021001202512
040802021007202512
040802022901202512
040802022907202512
040802022909202512
040802024501202512
040802024507202512
040802024509202512
040802025301202512
040802025307202512
040802026101202512
040802026107202512
040802027001202512
040802027007202512
040802028801202512
040802028807202512
040802029601202512
040802029607202512
040802029609202512
040802030001202512
040802030007202512
040802030009202512
040802031801202512
040802031807202512
040802031809202512
040802032601202512
040802032607202512
040802032609202512
040802033401202512
040802033407202512
040802034201202512
040802034207202512
040802034209202512
040802035001202512
040802035007202512
040802036901202512
040802036907202512
040802037701202512
040802037707202512
040802037709202512
040802038501202512
040802038507202512
040802039301202512
040802039307202512
040802040701202512
040802040707202512
040802041501202512
040802041507202512
040802042301202512
040802042307202512
040802043101202512
040802043107202512
040802044001202512
040802044007202512
040802044009202512
040802045801202512
040802045807202512
040802046601202512
040802046607202512
040802047401202512
040802047407202512
040802047409202512
040802048201202512
040802048207202512
040802048209202512
040802049001202512
040802049007202512
040802049009202512
040802050401202512
040802050407202512
040802050409202512
040802051201202512
040802051207202512
040802051209202512
040802052001202512
040802052007202512
040802052009202512
040802053901202512
040802053907202512
040802053909202512
040802054701202512
040802054707202512
040802055501202512
040802055507202512
040802055509202512
040802056301202512
040802056307202512
040802057101202512
040802057107202512
040802058001202512
040802058007202512
040802059801202512
040802059807202512
040802059809202512
040802060101202512
040802060107202512
040802060109202512
040802061001202512
040802061007202512
040802061009202512
040802062801202512
040802062807202512
040802062809202512
040802063601202512
040802063607202512
040802063609202512
040802064401202512
040802064407202512
040802064409202512
040803001101202512
040803001107202512
040803002001202512
040803002007202512
040803003801202512
040803003807202512
040803004601202512
040803005401202512
040803005407202512
040803006201202512
040803006207202512
040803007001202512
040803007007202512
040803008901202512
040803008907202512
040803009701202512
040803009707202512
040803010001202512
040803010007202512
040803011901202512
040803011907202512
040803012701202512
040803012707202512
040803013501202512
040803014301202512
040803015101202512
040803016001202512
040803017801202512
040803017807202512
040803018601202512
040803019401202512
040803020801202512
040803021601202512
040803022401202512
040803023201202512
040803023207202512
040803024001202512
040803024007202512
040803025901202512
040803025907202512
040803026701202512
040803026707202512
040803027501202512
040803027507202512
040803028301202512
040803028307202512
040803029101202512
040803029107202512
040803030501202512
040803030507202512
040803031301202512
040803031307202512
040803032101202512
040803032107202512
040803033001202512
040803033007202512
040803034801202512
040803034807202512
040803035601202512
040803036401202512
040803036407202512
040803037201202512
040803037207202512
040803038001202512
040803038007202512
040803039901202512
040803039907202512
040803040201202512
040803040207202512
040803041001202512
040803041007202512
040803042901202512
040803042907202512
040803043701202512
040803043707202512
040803044501202512
040803044507202512
040803045301202512
040803045307202512
040803046101202512
040803046107202512
040803047001202512
040803047007202512
040803050001202512
040803050007202512
040803051801202512
040803051807202512
040803052601202512
040803052607202512
040803053401202512
040803053407202512
040803054201202512
040803054207202512
040803055001202512
040803055007202512
040803056901202512
040803056907202512
040803057701202512
040803057707202512
040803058501202512
040803058507202512
040803059301202512
040803059307202512
040803060701202512
040803060707202512
040803061501202512
040803061507202512
040803062301202512
040803062307202512
040803063101202512
040803063107202512
040803064001202512
040803064007202512
040803065801202512
040803065807202512
040803066601202512
040803066607202512
040803067401202512
040803067407202512
040803068201202512
040803068207202512
040803069001202512
040803069007202512
040803070401202512
040803071201202512
040803071207202512
040803072001202512
040803072007202512
040803073901202512
040803073907202512
040803074701202512
040803074707202512
040803075501202512
040803075507202512
040803075509202512
040803076301202512
040803076307202512
040803077101202512
040803077107202512
040803078001202512
040803079801202512
040803080101202512
040803080107202512
040803081001202512
040803081007202512
040803082801202512
040803082807202512
040803083601202512
040803083607202512
040803084401202512
040803084407202512
040803085201202512
040803085207202512
040803086001202512
040803086007202512
040803087901202512
040803087907202512
040803088701202512
040803088707202512
040803089501202512
040803089507202512
040803090901202512
040803090907202512
040803091701202512
040803091707202512
040804001701202512
040804001707202512
040804002501202512
040804002507202512
040804003301202512
040804003307202512
040804004101202512
040804004107202512
040804005001202512
040804006801202512
040804007601202512
040804008401202512
040804009201202512
040804010601202512
040804010607202512
040804011401202512
040804011407202512
040804012201202512
040804012207202512
040804013001202512
040804013007202512
040804014901202512
040804014907202512
040804015701202512
040804015707202512
040804016501202512
040804016507202512
040804017301202512
040804017307202512
040804018101202512
040804018107202512
040804018109202512
040804019001202512
040804019007202512
040804019009202512
040804020301202512
040804020307202512
040804022001202512
040804022007202512
040804023801202512
040804023807202512
040804024601202512
040804024607202512
040804025401202512
040804025407202512
040804026201202512
040804026207202512
040804027001202512
040804027007202512
040804028901202512
040804028907202512
040804029701202512
040804029707202512
040804030001202512
040804030007202512
040804031901202512
040804031907202512
040804032701202512
040804032707202512
040804033501202512
040804033507202512
040804034301202512
040804034307202512
040805001201202512
040805001207202512
040805002001202512
040805002007202512
040805003901202512
040805003907202512
040805004701202512
040805004707202512
040805005501202512
040805006301202512
040805007101202512
040805008001202512
040805008007202512
040805010101202512
040805010107202512
040805011001202512
040805011007202512
040805012801202512
040805012807202512
040805013601202512
040805013607202512
040805014401202512
040805014407202512
040805014409202512
040805015201202512
040805015207202512
040805016001202512
040805016007202512
040805016009202512
040805017901202512
040805017907202512
040805019501202512
040805019507202512
040805019509202512
040805020901202512
040805020907202512
040805020909202512
040805021701202512
040805021707202512
040805021709202512
040805022501202512
040805022507202512
040805022509202512
040805023301202512
040805023307202512
040805024101202512
040805024107202512
040805024109202512
040805025001202512
040805025007202512
040805025009202512
040805026801202512
040805026807202512
040805026809202512
040805027601202512
040805027607202512
040805027609202512
040805028401202512
040805028407202512
040805028409202512
040805029201202512
040805029207202512
040805029209202512
040805030601202512
040805030607202512
040805031401202512
040805031407202512
040805032201202512
040805032207202512
040805032209202512
040805033001202512
040805033007202512
040805034901202512
040805034907202512
040805034909202512
040805035701202512
040805035707202512
040805035709202512
040805036501202512
040805036507202512
040805037301202512
040805037307202512
040805037309202512
040805038101202512
040805038107202512
040805039001202512
040805039007202512
040805039009202512
040805040301202512
040805041101202512
040805041107202512
040805042001202512
040805042007202512
040805043801202512
040805043807202512
040805044601202512
040805044607202512
040805044609202512
040805045401202512
040805045407202512
040805046201202512
040805046207202512
040805047001202512
040805047007202512
040805048901202512
040805048907202512
040805049701202512
040805049707202512
040805050001202512
040805050007202512
040805051901202512
040805051907202512
040805052701202512
040805052707202512
040805053501202512
040805053507202512
040805054301202512
040805054307202512
040805055101202512
040805055107202512
040805056001202512
040805056007202512
040805057801202512
040805057807202512
040805058601202512
040805058607202512
040805059401202512
040805059407202512
040805060801202512
040805060807202512
040805061601202512
040805061607202512
040805062401202512
040805062407202512
040805063201202512
040805063207202512
040805064001202512
040805064007202512
040805064009202512
040805065901202512
040805065907202512
040805065909202512
040805066701202512
040805066709202512
040805067501202512
040805067507202512
040805068301202512
040805068307202512
040805069101202512
040805069107202512
040805069109202512
040805070501202512
040805070507202512
040805071301202512
040805071307202512
040805072101202512
040805072107202512
040805073001202512
040805073007202512
040805073009202512
040805074801202512
040805074807202512
040805074809202512
040805075601202512
040805075607202512
040805075609202512
040805076401202512
040805076407202512
040805076409202512
040805077201202512
040805077207202512
040805078001202512
040805078007202512
040805079901202512
040805079907202512
040805080201202512
040805080207202512
040805081001202512
040805081007202512
040805082901202512
040805082907202512
040805082909202512
040805083701202512
040805083707202512
040805084501202512
040805084507202512
040805085301202512
040805085307202512
040805086101202512
040805086107202512
040805087001202512
040805087007202512
040805088801202512
040805088807202512
040805088809202512
040805089601202512
040805089607202512
040805089609202512
040805090001202512
040805091801202512
040805091807202512
040805091809202512
040805092601202512
040805092607202512
040805092609202512
040806001801202512
040806001807202512
040806001809202512
040806002601202512
040806002607202512
040806003401202512
040806003407202512
040806004201202512
040806004207202512
040806004209202512
040806005001202512
040806005007202512
040806005009202512
040806006901202512
040806006907202512
040806007701202512
040806007707202512
040806008501202512
040806008507202512
040806008509202512
040806009301202512
040806009307202512
040806010701202512
040806010707202512
040806011501202512
040806011507202512
040806011509202512
040806012301202512
040806012307202512
040806012309202512
040806013101202512
040806013107202512
040806013109202512
040806014001202512
040806014007202512
040806014009202512
040806015801202512
040806015807202512
040806015809202512
040806016601202512
040806016607202512
040806017401202512
040806017407202512
040806018201202512
040806018207202512
040806019001202512
040806019007202512
040806020401202512
040806020407202512
040806020409202512
040806021201202512
040806021207202512
040806021209202512
040806023901202512
040806023907202512
040806024701202512
040806024707202512
040806025501202512
040806025507202512
040806026301202512
040806026307202512
040806027101202512
040806027107202512
040806028001202512
040806028007202512
040806029801202512
040806029807202512
040806029809202512
040806030101202512
040806030107202512
040806030109202512
040806031001202512
040806031007202512
040806031009202512
040806032801202512
040806032807202512
040806032809202512
040806033601202512
040806033607202512
040806033609202512
040806034401202512
040806034407202512
040806034409202512
040806035201202512
040806035207202512
040806035209202512
040806036001202512
040806036007202512
040806036009202512
040806037901202512
040806037907202512
040806037909202512
040806038701202512
040806038707202512
040806039501202512
040806039507202512
040806039509202512
040806040901202512
040806040907202512
040806040909202512
040806041701202512
040806041707202512
040806041709202512
040806042501202512
040806042507202512
040806042509202512
040806043301202512
040806043307202512
040806043309202512
040806044101202512
040806044107202512
040806044109202512
040806045001202512
040806045007202512
040806045009202512
040806046801202512
040806046807202512
040806046809202512
040806047601202512
040806047607202512
040806047609202512
040806048401202512
040806048407202512
040806048409202512
040806049201202512
040806049207202512
040806050601202512
040806050607202512
040806051401202512
040806051407202512
040806052201202512
040806052207202512
040806053001202512
040806053007202512
040806053009202512
040806054901202512
040806054907202512
040806054909202512
040806055701202512
040806055707202512
040806056501202512
040806056507202512
040806056509202512
040806057301202512
040806057307202512
040806057309202512
040806058101202512
040806058107202512
040806058109202512
040806059001202512
040806059007202512
040806060301202512
040806060307202512
040806060309202512
040806061101202512
040806062001202512
040806062007202512
040806063801202512
040806063807202512
040806063809202512
040806064601202512
040806064607202512
040806066201202512
040806066207202512
040806067001202512
040806067007202512
040806067009202512
040806069701202512
040806069707202512
040806070001202512
040806070007202512
040806070009202512
040901001401202512
040901001407202512
040901002201202512
040901002207202512
040901003001202512
040901003007202512
040901004901202512
040901004907202512
040901005701202512
040901005707202512
040901006501202512
040901006507202512
040901006509202512
040901007301202512
040901007307202512
040901008101202512
040901008107202512
040901009001202512
040901009007202512
040901009009202512
040901012001202512
040901012007202512
040901012009202512
040901013801202512
040901013807202512
040901014601202512
040901014607202512
040901014609202512
040901017001202512
040901017007202512
040901017009202512
040901018901202512
040901018907202512
040901019701202512
040901019707202512
040901020001202512
040901020007202512
040901021901202512
040901022701202512
040901022707202512
040901023501202512
040901023507202512
040901024301202512
040901024307202512
040901025101202512
040901025107202512
040901026001202512
040901026007202512
040901028601202512
040901028607202512
040901029401202512
040901029407202512
040901030801202512
040901030807202512
040901031601202512
040901031607202512
040901032401202512
040901032407202512
040901033201202512
040901033207202512
040901034001202512
040901034007202512
040901036701202512
040901036707202512
040901037501202512
040901037507202512
040901037509202512
040901038301202512
040901038307202512
040901038309202512
040901039101202512
040901039107202512
040901039109202512
040901040501202512
040901040507202512
040901041301202512
040901041307202512
040901043001202512
040901043007202512
040901043009202512
040901045601202512
040901045607202512
040901046401202512
040901046407202512
040901047201202512
040901047207202512
040901048001202512
040901048007202512
040901048009202512
040901049901202512
040901050201202512
040901050207202512
040901051001202512
040901051007202512
040901051009202512
040901052901202512
040901052907202512
040901053701202512
040901053707202512
040901054501202512
040901054507202512
040901055301202512
040901055307202512
040901056101202512
040901056107202512
040901057001202512
040901057007202512
040901058801202512
040901058807202512
040901059601202512
040901059607202512
040901059609202512
040902001001202512
040902001007202512
040902001009202512
040902002801202512
040902002807202512
040902002809202512
040902004401202512
040902004407202512
040902004409202512
040902005201202512
040902005207202512
040902007901202512
040902007907202512
040902007909202512
040902008701202512
040902008707202512
040902008709202512
040902009501202512
040902009507202512
040902009509202512
040902010901202512
040902010907202512
040902010909202512
040902012501202512
040902012507202512
040902012509202512
040902013301202512
040902013307202512
040902013309202512
040902014101202512
040902014107202512
040902014109202512
040902015001202512
040902015007202512
040902015009202512
040902016801202512
040902016807202512
040902016809202512
040902017601202512
040902017607202512
040902017609202512
040903001501202512
040903001509202512
040903002301202512
040903003101202512
040903004001202512
040904001001202512
040904001007202512
040904001009202512
040904003701202512
040904003707202512
040904003709202512
040904004501202512
040904004507202512
040904005301202512
040904005307202512
040904005309202512
040904007001202512
040904007007202512
040904007009202512
040904008801202512
040904008807202512
040904008809202512
040904009601202512
040904009607202512
040904009609202512
040904011801202512
040904011807202512
040904011809202512
040904012601202512
040904012607202512
040904012609202512
040904013401202512
040904013407202512
040904013409202512
040904014201202512
040904014209202512
040904015001202512
040904015007202512
040904015009202512
040904016901202512
040904016907202512
040904016909202512
040904017701202512
040904017707202512
040904017709202512
040904018501202512
040904018507202512
040904018509202512
040904019301202512
040904019307202512
040904019309202512
040904020701202512
040904020707202512
040904020709202512
040904021501202512
040904021507202512
040904021509202512
040904022301202512
040904022309202512
040904023101202512
040904023107202512
040904023109202512
040904024001202512
040904024009202512
040905001601202512
040905001607202512
040905002401202512
040905002407202512
040905002409202512
040905003201202512
040905003209202512
040905004001202512
040905004007202512
040905004009202512
040905007501202512
040905007507202512
040905007509202512
040905008301202512
040905008307202512
040905008309202512
040905009101202512
040905009107202512
040905009109202512
040905010501202512
040905010507202512
040905010509202512
040905011301202512
040905011307202512
040905011309202512
040905013001202512
040905014801202512
040905016401202512
040906001101202512
040906001102202512
040906001107202512
040906001109202512
040906002001202512
040906003801202512
040906003809202512
040906004601202512
040906004607202512
040906004609202512
040906005401202512
040906005402202512
040906005409202512
040906007001202512
040906007002202512
040906007009202512
040906010001202512
040906010007202512
040906011901202512
040906011907202512
040906012701202512
040906012707202512
040906013501202512
040906013507202512
040906014301202512
040906014307202512
040906015101202512
040906015107202512
040906016001202512
040906016007202512
040906017801202512
040906017807202512
040906017809202512
040906018601202512
040906018609202512
040906019401202512
040906019407202512
040906019409202512
040906020801202512
040906020807202512
040906020809202512
040906021601202512
040906021607202512
040906021609202512
040906022401202512
040906022407202512
040906022409202512
040906023201202512
040906023202202512
040906023207202512
040906023209202512
040906024001202512
040906024002202512
040906024007202512
040906024009202512
040906025901202512
040906025902202512
040906025907202512
040906025909202512
040906026701202512
040906026702202512
040906026707202512
040906026709202512
040906027501202512
040906027507202512
040906027509202512
040906028301202512
040906028307202512
040906029101202512
040906031301202512
040906031302202512
040907001701202512
040907001709202512
040907002501202512
040907002509202512
040907003301202512
040907003309202512
040907004101202512
040907004109202512
040907005001202512
040907006801202512
040907006809202512
040907007601202512
040907007609202512
040907008401202512
040907008409202512
040907009201202512
040907009207202512
040907009209202512
040907010601202512
040907010607202512
040907010609202512
040907011401202512
040907011407202512
040907013001202512
040907013007202512
040907013009202512
040907014901202512
040907014907202512
040907014909202512
040907015701202512
040907015707202512
040907015709202512
040907019001202512
040907019009202512
040907020301202512
040907021101202512
040907021107202512
040907022001202512
040907022007202512
040907022009202512
040907023801202512
040907023807202512
040907024601202512
040907024607202512
040907025401202512
040907025407202512
040907026201202512
040907026207202512
040907026209202512
040907027001202512
040907027009202512
040907028901202512
040907028907202512
040907028909202512
040907029701202512
040907030001202512
040907030009202512
040907031901202512
041001001401202512
041001001407202512
041001001409202512
041001005701202512
041001006501202512
041001006507202512
041001006509202512
041001007301202512
041001007307202512
041001007309202512
041001008101202512
041001008107202512
041001008109202512
041001009001202512
041001009009202512
041001011101202512
041001011107202512
041001011109202512
041001012001202512
041001012007202512
041001013801202512
041001014601202512
041001015401202512
041001016201202512
041001019701202512
041001020001202512
041001021901202512
041101001801202512
041101001802202512
041101001809202512
041101002601202512
041101002602202512
041101003401202512
041101003402202512
041101004201202512
041101004202202512
041101005001202512
041101005002202512
041101005009202512
041101007701202512
041101007702202512
041101007709202512
041101008501202512
041101008502202512
041102001301202512
041102001302202512
041102001309202512
041102002101202512
041102002102202512
041102002109202512
041102003001202512
041102003002202512
041102004801202512
041102004802202512
041201001101202512
041201001107202512
041201002001202512
041201002007202512
041201003801202512
041201003807202512
041201003809202512
041201004601202512
041201004607202512
041201004609202512
041201007001202512
041201007007202512
041201008901202512
041201008907202512
041201009701202512
041201009707202512
041201010001202512
041201010007202512
041201011901202512
041201011907202512
041201013501202512
041201013507202512
041201014301202512
041201014307202512
041202001701202512
041202001707202512
041202002501202512
041202002507202512
041202003301202512
041202003307202512
041202005001202512
041202005007202512
041202006801202512
041202006807202512
041202007601202512
041202007607202512
041202008401202512
041202008407202512
041203001201202512
041203001207202512
041203004701202512
041203004707202512
041203008001202512
041203008007202512
041203009801202512
041203009807202512
041203009809202512
041203010101202512
041203010107202512
041203011001202512
041203011007202512
041204001801202512
041204001807202512
041204001809202512
041204002601202512
041204002607202512
041204003401202512
041204003407202512
041204004201202512
041204004207202512
041204005001202512
041204005007202512
041204006901202512
041204006907202512
041204008501202512
041204008507202512
041204008509202512
041204010701202512
041204010707202512
041204011501202512
041204011507202512
041204012301202512
041204012307202512
041204013101202512
041204013107202512
041204015801202512
041204015807202512
041204016601202512
041204016607202512
041204017401202512
041204017407202512
041204018201202512
041204018207202512
041204019001202512
041204019007202512
041204020401202512
041204020407202512
041204021201202512
041204021207202512
041204022001202512
041204022007202512
041204022009202512
041205001301202512
041205001307202512
041205003001202512
041205003007202512
041205004801202512
041205004807202512
041205006401202512
041205006407202512
041205007201202512
041205007207202512
041205008001202512
041205008007202512
041205010201202512
041205010207202512
041205011001202512
041205011007202512
041205013701202512
041205013707202512
041205014501202512
041205014507202512
041205015301202512
041205015307202512
041205016101202512
041205016107202512
041301001501202512
041301001507202512
041301006601202512
041301008201202512
041301008207202512
041301009001202512
041301009007202512
041303001601202512
041303001607202512
041303001609202512
041303002401202512
041303002407202512
041303002409202512
041303003201202512
041303003209202512
041303005901202512
041303005907202512
041303005909202512
041303006701202512
041303006709202512
041303007501202512
041303007509202512
041303008301202512
041303008307202512
041303008309202512
041304002001202512
041304002007202512
041304003801202512
041304004601202512
041304005401202512
041304005409202512
041304006201202512
041304006209202512
041304007001202512
041304007009202512
041304008901202512
041304008909202512
041304009701202512
041304009707202512
041304010001202512
041304010007202512
041304011901202512
041304011907202512
041304011909202512
041304012701202512
041304012707202512
041304012709202512
041304013501202512
041304013507202512
041304013509202512
041304014301202512
041304014307202512
041304014309202512
041304015101202512
041304015107202512
041304015109202512
041304016001202512
041304016007202512
041304017801202512
041304017807202512
041304018601202512
041304018607202512
041304018609202512
041304019401202512
041304019407202512
041304019409202512
041304020801202512
041304020807202512
041304020809202512
041304021601202512
041304021607202512
041304021609202512
041304022401202512
041304022407202512
041304022409202512
041304023201202512
041304023207202512
041304023209202512
041304024001202512
041304024007202512
041304025901202512
041304025909202512
041304026701202512
041401002701202512
041401003501202512
041401025601202512
041401025607202512
041401025609202512
041401027201202512
041401027207202512
041401027209202512
041401032901202512
041401032907202512
041401032909202512
041401034501202512
041401034507202512
041401034509202512
041402002201202512
041402002203202512
041402002207202512
041402002209202512
041402003001202512
041402003003202512
041402003007202512
041402003009202512
041402004901202512
041402004903202512
041402004907202512
041402004909202512
041402005701202512
041402005703202512
041402005707202512
041402005709202512
041402006501202512
041402006503202512
041402006507202512
041402006509202512
041402007301202512
041402007303202512
041402007307202512
041402007309202512
041402008101202512
041402008103202512
041402008107202512
041402008109202512
041402009001202512
041402009003202512
041402009007202512
041402009009202512
041402014601202512
041402014603202512
041402014607202512
041402014609202512
041402015401202512
041402015403202512
041402015407202512
041402015409202512
041402016201202512
041402016203202512
041402016207202512
041402016209202512
041402020001202512
041402020003202512
041402020007202512
041402020009202512
041402021901202512
041402021903202512
041402021907202512
041402021909202512
041402024301202512
041402024303202512
041402024307202512
041402024309202512
041402027801202512
041402027803202512
041402027807202512
041402027809202512
041402029401202512
041402029403202512
041402029407202512
041402029409202512
041402036701202512
041402036703202512
041402036707202512
041402036709202512
041402037501202512
041402037503202512
041402037507202512
041402037509202512
041402041301202512
041402041303202512
041402041307202512
041402041309202512
041501001201202512
041501001207202512
041502001801202512
041502003401202512
041502003407202512
041502004201202512
041502004207202512
041502005001202512
041502005007202512
041502006901202512
041502006907202512
041502007701202512
041502007707202512
041502008501202512
041503001301202512
041503001307202512
041504002701202512
041504002707202512
041504003501202512
041504003507202512
041601001601202512
041601001607202512
041601002401202512
041601002407202512
041601004001202512
041601004007202512
041601007501202512
041601007507202512
041601009101202512
041601009107202512
041601011301202512
041601011307202512
041601011309202512
041601012101202512
041601013001202512
041601016401202512
041601016407202512
041601017201202512
041601017207202512
041601017209202512
041601018001202512
041601018007202512
041601019901202512
041601019907202512
041601020201202512
041601020207202512
041601021001202512
041601021007202512
041601022901202512
041601022907202512
041602002001202512
041602002007202512
041602015101202512
041602015107202512
041602016001202512
041602016007202512
041602017801202512
041602017807202512
041602017809202512
041602018601202512
041602018607202512
041602018609202512
041602019401202512
041602019407202512
041602020801202512
041602020807202512
041602021601202512
041602021607202512
041602021609202512
041602022401202512
041602022407202512
041602023201202512
041602023207202512
041602024001202512
041602024007202512
041602024009202512
041602025901202512
041602025907202512
041603002501202512
041603002507202512
041603002509202512
041603003301202512
041603003307202512
041603003309202512
041603004101202512
041603004107202512
041603004109202512
041603006801202512
041603006807202512
041603007601202512
041603008401202512
041603008407202512
041603009201202512
041603009207202512
041603014901202512
041603014907202512
041603014909202512
041603015701202512
041603015707202512
041603015709202512
041603016501202512
041603016507202512
041603017301202512
041603017307202512
041603018101202512
041603018107202512
041603019001202512
041603020301202512
041603020307202512
041603021101202512
041603021107202512
041603022001202512
041603022007202512
041603023801202512
041603023807202512
041603024601202512
041603024607202512
041603025401202512
041603026201202512
041603027001202512
041603027007202512
041603028901202512
041603029701202512
041603030001202512
041603030007202512
041603031901202512
041603031907202512
041603032701202512
041603032707202512
041603032709202512
041603033501202512
041603033507202512
041603033509202512
041603034301202512
041603034307202512
041603035101202512
041603035107202512
041603035109202512
041603036001202512
041603036007202512
041604001201202512
041604001207202512
041604002001202512
041604002007202512
041604003901202512
041604003907202512
041604004701202512
041604004707202512
041604005501202512
041604005507202512
041604007101202512
041604007107202512
041604010101202512
041604010107202512
041604011001202512
041604011007202512
041604012801202512
041604012807202512
041604014401202512
041604014407202512
041604017901202512
041604017909202512
041604018701202512
041604018709202512
041604019501202512
041604019509202512
041604020901202512
041604020907202512
041604021701202512
041604021707202512
041604022501202512
041604022507202512
041604023301202512
041604023307202512
041604024101202512
041604024107202512
041604025001202512
041604025007202512
041604026801202512
041604026807202512
041604027601202512
041604027607202512
041604028401202512
041604029201202512
041604030601202512
041604031401202512
041604031407202512
041604032201202512
041604032207202512
041604033001202512
041604033007202512
041604034901202512
041604034907202512
041605001801202512
041605001807202512
041605002601202512
041605002607202512
041605003401202512
041605003407202512
041605005001202512
041605005007202512
041605007701202512
041605007707202512
041605009301202512
041605009307202512
041605010701202512
041605010707202512
041605011501202512
041605011507202512
041605012301202512
041605012307202512
041606001301202512
041606001307202512
041606001309202512
041606002101202512
041606002107202512
041606003001202512
041606003007202512
041606005601202512
041606005607202512
041606006401202512
041606006407202512
041606008001202512
041606008007202512
041606009901202512
041606009907202512
041606010201202512
041606010207202512
041606011001202512
041606011007202512
041606012901202512
041606012907202512
041606013701202512
041606013707202512
041608001401202512
041608001407202512
041608001409202512
041608003001202512
041608003007202512
041608003009202512
041608008101202512
041608008107202512
041608009001202512
041608009007202512
041608011101202512
041608011107202512
041608012001202512
041608012007202512
041608012009202512
041609001001202512
041609001007202512
041609002801202512
041609002807202512
041609003601202512
041609003607202512
041609007901202512
041609007907202512
041609010901202512
041609010907202512
041609011701202512
041609011707202512
041609012501202512
041609012507202512
041609013301202512
041609013307202512
041611001001202512
041611001007202512
041611002901202512
041611002907202512
041611003701202512
041611003707202512
041611004501202512
041611004507202512
041611005301202512
041611005307202512
041611006101202512
041611006107202512
041611007001202512
041611007007202512
041611008801202512
041611008807202512
041612002401202512
041612003201202512
041612004001202512
041612004009202512
041612005901202512
041612005909202512
050103006901202512
050103006903202512
050103006907202512
050201001074202512
050201001075202512
050201001076202512
050201001077202512
050201001078202512
050201001079202512
050201002977202512
050201002978202512
050201002979202512
050201002980202512
050201002981202512
050201002982202512
050301001401202512
050301001403202512
050301001474202512
050301001475202512
050301001476202512
050301001477202512
050301001478202512
050301001479202512
050301001480202512
050301001481202512
050301001482202512
050301002201202512
050301002274202512
050301002275202512
050301002276202512
050301002277202512
050301002278202512
050301002279202512
050301002280202512
050301002281202512
050301002282202512
050302001001202512
050302002801202512
050303001574202512
050303001575202512
050303001576202512
050303001577202512
050303001578202512
050303001579202512
050303001580202512
050303001581202512
050303001582202512
050303002301202512
050303002374202512
050303002375202512
050303002376202512
050303002377202512
050303002378202512
050303002379202512
050303002380202512
050303002381202512
050303002382202512
050303003101202512
050303003174202512
050303003175202512
050303003176202512
050303003177202512
050303003178202512
050303003179202512
050303003180202512
050303003181202512
050303003182202512
050303004001202512
050303004074202512
050303004075202512
050303004076202512
050303004077202512
050303004078202512
050303004080202512
050303004081202512
050303004082202512
050303005801202512
050303005874202512
050303005875202512
050303005876202512
050303005877202512
050303005878202512
050303005879202512
050303005880202512
050303005881202512
050303005882202512
050303006601202512
050303006674202512
050303006675202512
050303006676202512
050303006677202512
050303006678202512
050303006679202512
050303006680202512
050303006681202512
050303006682202512
050303007401202512
050303007474202512
050303007475202512
050303007476202512
050303007477202512
050303007478202512
050303007479202512
050303007480202512
050303007481202512
050303007482202512
050303008201202512
050303008274202512
050303008275202512
050303008276202512
050303008277202512
050303008278202512
050303008279202512
050303008280202512
050303008281202512
050303008282202512
050303009001202512
050303009074202512
050303009075202512
050303009076202512
050303009077202512
050303009078202512
050303009079202512
050303009080202512
050303009081202512
050303009082202512
050303010401202512
050303010474202512
050303010475202512
050303010476202512
050303010477202512
050303010478202512
050303010479202512
050303010480202512
050303010481202512
050303010482202512
050304004574202512
050304004575202512
050304004576202512
050304004577202512
050304004578202512
050304004579202512
050304004580202512
050304004581202512
050304004582202512
050501001103202512
050501001107202512
050501002003202512
050501002007202512
050501003803202512
050501003807202512
050501004603202512
050501004607202512
050501005403202512
050501005407202512
050501006203202512
050501006207202512
050501007003202512
050501007007202512
050501008903202512
050501008907202512
050501009701202512
050501009707202512
050501009709202512
050501012701202512
050501012707202512
050501012709202512
050501013501202512
050501013507202512
050501013509202512
050501014309202512
050502004101202512
050502004107202512
050502005001202512
050502005007202512
050502006801202512
050502007601202512
050502008401202512
050502009201202512
050502010601202512
050502012201202512
050502014901202512
050602001012202512
050602002912202512
050602003712202512
050602004503202512
050602004507202512
050602004509202512
050602004512202512
050602005301202512
050602005303202512
050602005307202512
050602006101202512
050602006103202512
050602006107202512
050602007001202512
050602007003202512
050602007007202512
050602009601202512
050602009603202512
050602009607202512
050602010001202512
050602010003202512
050602010007202512
050602011801202512
050602011803202512
050602011807202512
050602013401202512
050602013403202512
050602013407202512
070209005001202512
070209005007202512
070209006901202512
070209006907202512
080201006765202512
080201007579202512
080201008375202512
080201009176202512
080201010574202512
080201011383202512
080201012181202512
080201013082202512
080201014877202512
080201015678202512
080201016480202512
080201021085202512
080201022986202512
080201023792202512
080201024593202512
080201025387202512
080201026187202512
080201027087202512
080201032696202512
